EAR_x,EAR_y,Blink_x,Blink_y,Blink_n_x,Blink_n_y,Perclos_x,Perclos_y,Entropy_x,Entropy_y,Fatigue_x,Fatigue_y,Fatigue_Message_x,Fatigue_Message_y
0.44774627685546875,0.3660622630234998,2.8547823429107666,0.25127739311040836,0.0,0,0.0,0.0,0.0,0.0,0.0,0.0,0.10412812232971191,Alert
0.5070936679840088,0.3674083258430982,4.81783652305603,0.2499174949637762,3.3279573917388916,1,3.3279573917388916,0.0068844000498453775,6.057190418243408,0.35749905474165655,0.10412812232971191,0.0,,
0.5569841861724854,0.3773485889465452,7.581475019454956,0.25931905100500074,5.184705972671509,2,5.184705972671509,0.010291409492492676,6.560446739196777,0.3706932782102126,6.057190418243408,20.0,,
0.5863332748413086,0.3738848178579807,,,7.761662006378174,3,7.761662006378174,0.015073823928833007,7.064288139343262,0.36784198231321663,10.559341669082642,18.158859534239586,,
0.6262247562408447,0.3750631983032623,,,,,,,7.558626890182495,0.3564826021814669,11.076072692871094,20.0,,
0.6681156158447266,0.3752946788457594,,,,,,,8.061973571777344,0.4209882718312181,,,,
0.6960384845733643,0.3670092327204695,,,,,,,8.559134721755981,0.3812041622274931,,,,
0.7332184314727783,0.3781661890940682,,,,,,,9.058764696121216,0.3827047582434684,,,,
0.7778196334838867,0.36912215556844913,,,,,,,9.560180902481079,0.39738859947029503,,,,
0.8875126838684082,0.3404155637718944,,,,,,,10.060240030288696,0.3617298145781098,,,,
0.9652223587036133,0.3750985016389231,,,,,,,10.559341669082642,0.3161526187414072,,,,
1.0320451259613037,0.3613726655324123,,,,,,,11.076072692871094,0.33889900731515366,,,,
1.1208066940307617,0.38328465641034926,,,,,,,11.564050674438477,0.3496683045098501,,,,
1.1716721057891846,0.3686147551412642,,,,,,,12.072295427322388,0.39702045677924014,,,,
1.2175979614257812,0.37553630579203123,,,,,,,,,,,,
1.2708656787872314,0.38344548667233136,,,,,,,,,,,,
1.3038415908813477,0.4002705649184495,,,,,,,,,,,,
1.3507189750671387,0.4107933647076585,,,,,,,,,,,,
1.3921191692352295,0.40350510575340004,,,,,,,,,,,,
1.4369995594024658,0.39373471715949165,,,,,,,,,,,,
1.503821849822998,0.40483400543504855,,,,,,,,,,,,
1.5741617679595947,0.41681209004949304,,,,,,,,,,,,
1.6362082958221436,0.41213489878464205,,,,,,,,,,,,
1.6691203117370605,0.39334722535078903,,,,,,,,,,,,
1.717989206314087,0.411255839232621,,,,,,,,,,,,
1.7548911571502686,0.411255839232621,,,,,,,,,,,,
1.852189302444458,0.4106934080243318,,,,,,,,,,,,
1.9454238414764404,0.45979524132179966,,,,,,,,,,,,
2.0195136070251465,0.44349915912546956,,,,,,,,,,,,
2.056413173675537,0.44201584112481607,,,,,,,,,,,,
2.1263723373413086,0.42596558384574407,,,,,,,,,,,,
2.2196593284606934,0.4351744661981874,,,,,,,,,,,,
2.260546922683716,0.435025709539415,,,,,,,,,,,,
2.3388352394104004,0.41831837556278595,,,,,,,,,,,,
2.3727457523345947,0.43286012141412405,,,,,,,,,,,,
2.4249305725097656,0.4105036199360715,,,,,,,,,,,,
2.493851661682129,0.4246126319205735,,,,,,,,,,,,
2.522233486175537,0.4103085136695125,,,,,,,,,,,,
2.618372917175293,0.41814404899654045,,,,,,,,,,,,
2.6472957134246826,0.4169637470032148,,,,,,,,,,,,
2.6981589794158936,0.40815203940932254,,,,,,,,,,,,
2.783088445663452,0.40815203940932254,,,,,,,,,,,,
2.8098607063293457,0.35723704049005933,,,,,,,,,,,,
2.8547823429107666,0.25127739311040836,,,,,,,,,,,,
2.9501941204071045,0.29262049701323045,,,,,,,,,,,,
3.016392707824707,0.3209136121257644,,,,,,,,,,,,
3.0895023345947266,0.35830077958372525,,,,,,,,,,,,
3.1717164516448975,0.3415153684556189,,,,,,,,,,,,
3.2191593647003174,0.36697628676966315,,,,,,,,,,,,
3.275009870529175,0.33390572000196894,,,,,,,,,,,,
3.3212270736694336,0.3780318789412641,,,,,,,,,,,,
3.3707523345947266,0.3691882262387537,,,,,,,,,,,,
3.40366530418396,0.3647717110957501,,,,,,,,,,,,
3.4486677646636963,0.37500690666694897,,,,,,,,,,,,
3.4969589710235596,0.37500690666694897,,,,,,,,,,,,
3.525179386138916,0.37629314328879804,,,,,,,,,,,,
3.584723711013794,0.3840580729341465,,,,,,,,,,,,
3.6119582653045654,0.39281341611865317,,,,,,,,,,,,
3.6398823261260986,0.36826142634554815,,,,,,,,,,,,
3.666811227798462,0.3356528751584829,,,,,,,,,,,,
3.756761074066162,0.3483965378580151,,,,,,,,,,,,
3.804755926132202,0.3582071189632189,,,,,,,,,,,,
3.8855395317077637,0.36757607816012083,,,,,,,,,,,,
3.9276387691497803,0.3596487293697256,,,,,,,,,,,,
4.000247001647949,0.3500432295144431,,,,,,,,,,,,
4.095673084259033,0.3638383618217688,,,,,,,,,,,,
4.128308057785034,0.3690273025109972,,,,,,,,,,,,
4.205101728439331,0.35813578413761893,,,,,,,,,,,,
4.269929647445679,0.35813578413761893,,,,,,,,,,,,
4.3432745933532715,0.35764358689565534,,,,,,,,,,,,
4.3711998462677,0.3647779960118014,,,,,,,,,,,,
4.430601119995117,0.37500690666694897,,,,,,,,,,,,
4.496662378311157,0.3856993935712215,,,,,,,,,,,,
4.558442115783691,0.3576388057157224,,,,,,,,,,,,
4.6185595989227295,0.36180517682698476,,,,,,,,,,,,
4.695179224014282,0.3681750853147312,,,,,,,,,,,,
4.756000995635986,0.3500103222335569,,,,,,,,,,,,
4.784923553466797,0.29784821637913483,,,,,,,,,,,,
4.81783652305603,0.2499174949637762,,,,,,,,,,,,
4.887133836746216,0.33760222734288226,,,,,,,,,,,,
4.939512491226196,0.34078904117531594,,,,,,,,,,,,
5.017779111862183,0.34078904117531594,,,,,,,,,,,,
5.076623201370239,0.32426701360385046,,,,,,,,,,,,
5.111810922622681,0.3585315058008799,,,,,,,,,,,,
5.172647714614868,0.37846100711812386,,,,,,,,,,,,
5.2195844650268555,0.37453175314586157,,,,,,,,,,,,
5.261969327926636,0.38409017212498764,,,,,,,,,,,,
5.345691204071045,0.3404352223269862,,,,,,,,,,,,
5.399197101593018,0.39246120072919255,,,,,,,,,,,,
5.432979583740234,0.41717124960791185,,,,,,,,,,,,
5.467885971069336,0.39281341611865317,,,,,,,,,,,,
5.503994703292847,0.37526948571317703,,,,,,,,,,,,
5.544883966445923,0.3830375265642348,,,,,,,,,,,,
5.635663986206055,0.3683313375860956,,,,,,,,,,,,
5.698495149612427,0.36747121588685455,,,,,,,,,,,,
5.725430250167847,0.37500690666694897,,,,,,,,,,,,
5.785264492034912,0.39281341611865317,,,,,,,,,,,,
5.841967582702637,0.37500690666694897,,,,,,,,,,,,
5.896615505218506,0.3757465545968146,,,,,,,,,,,,
5.942010164260864,0.38606249883854993,,,,,,,,,,,,
6.018203973770142,0.3825415772726397,,,,,,,,,,,,
6.088017225265503,0.3672388658158912,,,,,,,,,,,,
6.143385648727417,0.3854563210463524,,,,,,,,,,,,
6.186272382736206,0.3850340267002882,,,,,,,,,,,,
6.216212749481201,0.37871238581732636,,,,,,,,,,,,
6.242144584655762,0.3544447781377401,,,,,,,,,,,,
6.2870612144470215,0.38625508776059225,,,,,,,,,,,,
6.3354103565216064,0.41776519097111814,,,,,,,,,,,,
6.360645294189453,0.3933983970913495,,,,,,,,,,,,
6.405091285705566,0.39491435942596553,,,,,,,,,,,,
6.4954750537872314,0.38703048076441643,,,,,,,,,,,,
6.53138279914856,0.386104277039908,,,,,,,,,,,,
6.588270902633667,0.37915989804416256,,,,,,,,,,,,
6.648524045944214,0.3825415772726397,,,,,,,,,,,,
6.7067694664001465,0.37712650141682325,,,,,,,,,,,,
6.740678548812866,0.4001043880860733,,,,,,,,,,,,
6.803635597229004,0.38703048076441643,,,,,,,,,,,,
6.834406137466431,0.3783748013564949,,,,,,,,,,,,
6.8822784423828125,0.4016609061696961,,,,,,,,,,,,
6.921291828155518,0.3853890104951699,,,,,,,,,,,,
6.963179349899292,0.4180528274943279,,,,,,,,,,,,
7.0143327713012695,0.4169637470032148,,,,,,,,,,,,
7.0622875690460205,0.3933983970913495,,,,,,,,,,,,
7.124215841293335,0.38489115467715973,,,,,,,,,,,,
7.184335470199585,0.40352055497197803,,,,,,,,,,,,
7.248950481414795,0.40352055497197803,,,,,,,,,,,,
7.341165781021118,0.41079666085443356,,,,,,,,,,,,
7.387042760848999,0.3844688603310955,,,,,,,,,,,,
7.468824625015259,0.34982111811103705,,,,,,,,,,,,
7.49885106086731,0.2635698845231997,,,,,,,,,,,,
7.581475019454956,0.25931905100500074,,,,,,,,,,,,
7.608699798583984,0.35723704049005933,,,,,,,,,,,,
7.635816812515259,0.3751730834993251,,,,,,,,,,,,
7.753594875335693,0.38326879503817096,,,,,,,,,,,,
7.801465749740601,0.37543566254555316,,,,,,,,,,,,
7.836884498596191,0.4171039390567294,,,,,,,,,,,,
7.8763673305511475,0.4088414299783827,,,,,,,,,,,,
7.941728353500366,0.39298430322857114,,,,,,,,,,,,
8.014992237091064,0.4087105836320858,,,,,,,,,,,,
8.153844356536865,0.4012658564806822,,,,,,,,,,,,
8.199720859527588,0.3673586482823651,,,,,,,,,,,,
8.230157852172852,0.3915986146677001,,,,,,,,,,,,
8.262073993682861,0.36074120113992997,,,,,,,,,,,,
8.298975229263306,0.37553630579203123,,,,,,,,,,,,
8.368367910385132,0.40028537347787047,,,,,,,,,,,,
8.393258810043335,0.38326879503817096,,,,,,,,,,,,
8.423301458358765,0.410536782131044,,,,,,,,,,,,
8.490124702453613,0.37543566254555316,,,,,,,,,,,,
8.526131868362427,0.37500690666694897,,,,,,,,,,,,
8.598936557769775,0.376704207070759,,,,,,,,,,,,
8.628880977630615,0.3751730834993251,,,,,,,,,,,,
8.67995572090149,0.3850340267002882,,,,,,,,,,,,
8.75198769569397,0.3915986146677001,,,,,,,,,,,,
8.800782442092896,0.3668834947612777,,,,,,,,,,,,
8.84948468208313,0.3751730834993251,,,,,,,,,,,,
8.89515733718872,0.3578044548448609,,,,,,,,,,,,
8.940963745117188,0.32848587331502554,,,,,,,,,,,,
8.972353458404541,0.3454839739122544,,,,,,,,,,,,
9.018769264221191,0.33662430875092303,,,,,,,,,,,,
9.078610897064209,0.30694485091113777,,,,,,,,,,,,
9.187810182571411,0.3209136121257644,,,,,,,,,,,,
9.225713729858398,0.33558327299115,,,,,,,,,,,,
9.252637386322021,0.33703442531248656,,,,,,,,,,,,
9.298514604568481,0.34037330349062667,,,,,,,,,,,,
9.328681230545044,0.3203900789961689,,,,,,,,,,,,
9.387523889541626,0.34345092830104457,,,,,,,,,,,,
9.443672180175781,0.34345092830104457,,,,,,,,,,,,
9.474589824676514,0.35308797593680835,,,,,,,,,,,,
9.515918731689453,0.3370409556371248,,,,,,,,,,,,
9.5757577419281,0.33802682315133803,,,,,,,,,,,,
9.611752033233643,0.2974942160814335,,,,,,,,,,,,
9.685555934906006,0.32953476863262743,,,,,,,,,,,,
9.732600212097168,0.33713768912258635,,,,,,,,,,,,
9.775485515594482,0.3310300489507222,,,,,,,,,,,,
9.825632333755493,0.33198461380018957,,,,,,,,,,,,
9.883477449417114,0.33005092795050495,,,,,,,,,,,,
9.913396835327148,0.35654467000196655,,,,,,,,,,,,
9.941322326660156,0.3778748774948209,,,,,,,,,,,,
9.96924877166748,0.37710240127889183,,,,,,,,,,,,
10.01128077507019,0.3963309149842204,,,,,,,,,,,,
10.081092834472656,0.40141841203389766,,,,,,,,,,,,
10.134464025497437,0.3925425065503216,,,,,,,,,,,,
10.168372631072998,0.39212079202227346,,,,,,,,,,,,
10.19829249382019,0.38362406413758454,,,,,,,,,,,,
10.288615703582764,0.3753892681796509,,,,,,,,,,,,
10.347174406051636,0.4190334218773414,,,,,,,,,,,,
10.377651929855347,0.4199718928872111,,,,,,,,,,,,
10.416088104248047,0.40141276517983604,,,,,,,,,,,,
10.44800329208374,0.394508505885851,,,,,,,,,,,,
10.504997968673706,0.3581178160896038,,,,,,,,,,,,
10.552313327789307,0.3838307094386344,,,,,,,,,,,,
10.618458986282349,0.38331842500428087,,,,,,,,,,,,
10.681292295455933,0.38660495720943894,,,,,,,,,,,,
10.712811946868896,0.3579733282716625,,,,,,,,,,,,
10.754728555679321,0.3579733282716625,,,,,,,,,,,,
10.783622026443481,0.3663524604681746,,,,,,,,,,,,
10.819002628326416,0.36095625376818025,,,,,,,,,,,,
10.852911949157715,0.39158707017569017,,,,,,,,,,,,
10.880836963653564,0.3913490449015667,,,,,,,,,,,,
10.907764911651611,0.3683809644497078,,,,,,,,,,,,
10.961574792861938,0.3925288145883728,,,,,,,,,,,,
11.001183271408081,0.3740905585130416,,,,,,,,,,,,
11.0819673538208,0.3585097581420531,,,,,,,,,,,,
11.124853372573853,0.35294377212871686,,,,,,,,,,,,
11.188682079315186,0.37691361495278264,,,,,,,,,,,,
11.30085563659668,0.3666246267811869,,,,,,,,,,,,
11.384631872177124,0.35018260127272705,,,,,,,,,,,,
11.413062572479248,0.3343801575064891,,,,,,,,,,,,
11.523070573806763,0.39334926232617606,,,,,,,,,,,,
11.600861072540283,0.3193898347198063,,,,,,,,,,,,
11.630903720855713,0.3493469581754549,,,,,,,,,,,,
11.677780389785767,0.31350061659004286,,,,,,,,,,,,
11.70570421218872,0.33731859288318533,,,,,,,,,,,,
11.741109132766724,0.34132978451205376,,,,,,,,,,,,
11.771028995513916,0.33122518224680175,,,,,,,,,,,,
11.851755380630493,0.36515779416996735,,,,,,,,,,,,
11.92627739906311,0.3380761523244954,,,,,,,,,,,,
11.94923710823059,0.3301127137220911,,,,,,,,,,,,
11.98910903930664,0.34115086058506844,,,,,,,,,,,,
