EAR_x,EAR_y,Blink_x,Blink_y,Blink_n_x,Blink_n_y,Perclos_x,Perclos_y,Entropy_x,Entropy_y,Fatigue_x,Fatigue_y,Fatigue_Message_x,Fatigue_Message_y
0.31070756912231445,0.3842759532079038,2.5371179580688477,0.2672105327259736,0.0,0,0.0,0,0.0,0,0,0,,
0.35249853134155273,0.38767531210232453,5.840280532836914,0.22763313810154448,2.6728601455688477,,2.6728601455688477,,2.2751924991607666,,,,,
0.39737915992736816,0.36074826009703,,,5.986129522323608,,5.986129522323608,,2.803229331970215,,,,,
0.44126462936401367,0.38414308275661424,,,,,,,3.3052055835723877,,,,,
0.47826313972473145,0.4010231293738441,,,,,,,3.8095762729644775,,,,,
0.5181560516357422,0.3946221031089031,,,,,,,4.3158910274505615,,,,,
0.5613188743591309,0.41899082655310926,,,,,,,4.8228442668914795,,,,,
0.6051170825958252,0.3913956901752505,,,,,,,5.331361293792725,,,,,
0.6475560665130615,0.41830719906319697,,,,,,,5.839282274246216,,,,,
0.6886756420135498,0.3936965388165071,,,,,,,6.339167833328247,,,,,
0.730334997177124,0.37748666827435506,,,,,,,6.852282524108887,,,,,
0.7712259292602539,0.3981267295891892,,,,,,,,,,,,
0.8091239929199219,0.41136899785446457,,,,,,,,,,,,
0.8500144481658936,0.41177988068254406,,,,,,,,,,,,
0.8909070491790771,0.3577736812097546,,,,,,,,,,,,
0.9329259395599365,0.40133521276444806,,,,,,,,,,,,
0.9690022468566895,0.41514674473100677,,,,,,,,,,,,
1.0088977813720703,0.39512015862759076,,,,,,,,,,,,
1.0512993335723877,0.4023831841958009,,,,,,,,,,,,
1.0911943912506104,0.4210844144322604,,,,,,,,,,,,
1.1343193054199219,0.4419530646478762,,,,,,,,,,,,
1.1752395629882812,0.3820260974072711,,,,,,,,,,,,
1.2141356468200684,0.3893874250365146,,,,,,,,,,,,
1.256023645401001,0.40715590897905907,,,,,,,,,,,,
1.2929260730743408,0.3902719907621016,,,,,,,,,,,,
1.3278305530548096,0.3956627938791922,,,,,,,,,,,,
1.3659272193908691,0.3899029200664542,,,,,,,,,,,,
1.4018306732177734,0.40831121282154614,,,,,,,,,,,,
1.440727949142456,0.3887396168242798,,,,,,,,,,,,
1.4748399257659912,0.3997824092495804,,,,,,,,,,,,
1.5085904598236084,0.41962992281081835,,,,,,,,,,,,
1.5454914569854736,0.4157950053805286,,,,,,,,,,,,
1.5956945419311523,0.3682744878687647,,,,,,,,,,,,
1.638657808303833,0.40703140671727284,,,,,,,,,,,,
1.684492588043213,0.40703140671727284,,,,,,,,,,,,
1.7303695678710938,0.40780682848304556,,,,,,,,,,,,
1.7663018703460693,0.39394061976864503,,,,,,,,,,,,
1.803203821182251,0.4001228730976526,,,,,,,,,,,,
1.8470864295959473,0.3765214378805021,,,,,,,,,,,,
1.880995273590088,0.43260295093041884,,,,,,,,,,,,
1.9139504432678223,0.41663194608456006,,,,,,,,,,,,
1.9518063068389893,0.39445000780192957,,,,,,,,,,,,
1.9867122173309326,0.42101009260584943,,,,,,,,,,,,
2.0196239948272705,0.3981320492179308,,,,,,,,,,,,
2.053050994873047,0.3984070048117868,,,,,,,,,,,,
2.0869596004486084,0.4074354164247984,,,,,,,,,,,,
2.119256019592285,0.3935829184453534,,,,,,,,,,,,
2.153346061706543,0.40097989137058265,,,,,,,,,,,,
2.1832661628723145,0.4271887435744978,,,,,,,,,,,,
2.214184045791626,0.43857884645360956,,,,,,,,,,,,
2.2442357540130615,0.42980735639397893,,,,,,,,,,,,
2.276190757751465,0.4088854317621871,,,,,,,,,,,,
2.305112600326538,0.4065928458185155,,,,,,,,,,,,
2.335033416748047,0.41981807728982956,,,,,,,,,,,,
2.3779187202453613,0.4110742648389123,,,,,,,,,,,,
2.407839775085449,0.45356613371715404,,,,,,,,,,,,
2.4407529830932617,0.43147523078908234,,,,,,,,,,,,
2.4723424911499023,0.33264633318766323,,,,,,,,,,,,
2.504206895828247,0.3123119694135726,,,,,,,,,,,,
2.5371179580688477,0.2672105327259736,,,,,,,,,,,,
2.5668489933013916,0.3342437173229946,,,,,,,,,,,,
2.6007578372955322,0.36140829080279147,,,,,,,,,,,,
2.633669137954712,0.35614206033303564,,,,,,,,,,,,
2.6650660037994385,0.40184059511208015,,,,,,,,,,,,
2.695798635482788,0.41489585405227425,,,,,,,,,,,,
2.7297093868255615,0.3747899051972945,,,,,,,,,,,,
2.7822864055633545,0.3805180100777634,,,,,,,,,,,,
2.8323328495025635,0.3973133165588023,,,,,,,,,,,,
2.8623390197753906,0.402853759615879,,,,,,,,,,,,
2.8922603130340576,0.3841393008338828,,,,,,,,,,,,
2.922179698944092,0.38696744807818184,,,,,,,,,,,,
2.9521431922912598,0.40211845001987423,,,,,,,,,,,,
2.9832913875579834,0.40715590897905907,,,,,,,,,,,,
3.0142078399658203,0.4021283140688613,,,,,,,,,,,,
3.045125961303711,0.4409427870095771,,,,,,,,,,,,
3.0772626399993896,0.40518205640490723,,,,,,,,,,,,
3.1051855087280273,0.4230683266452827,,,,,,,,,,,,
3.1361045837402344,0.3984844992541269,,,,,,,,,,,,
3.1753480434417725,0.4252035261612545,,,,,,,,,,,,
3.210254192352295,0.41318182454516983,,,,,,,,,,,,
3.2415659427642822,0.43830974671441747,,,,,,,,,,,,
3.272294521331787,0.4079705234422335,,,,,,,,,,,,
3.3072011470794678,0.4450309533208486,,,,,,,,,,,,
3.3351259231567383,0.40581544524203605,,,,,,,,,,,,
3.3680386543273926,0.3732054955276796,,,,,,,,,,,,
3.40043044090271,0.4016896393933088,,,,,,,,,,,,
3.4352924823760986,0.38733639530323216,,,,,,,,,,,,
3.4648613929748535,0.40082083254099127,,,,,,,,,,,,
3.496769666671753,0.4158046713001036,,,,,,,,,,,,
3.528608798980713,0.37848760931271574,,,,,,,,,,,,
3.57548451423645,0.4219299489154207,,,,,,,,,,,,
3.6083953380584717,0.40547934965912974,,,,,,,,,,,,
3.6403121948242188,0.4062522213134072,,,,,,,,,,,,
3.6732425689697266,0.3982122813247114,,,,,,,,,,,,
3.70415997505188,0.4201926615256879,,,,,,,,,,,,
3.736074924468994,0.3806291470722257,,,,,,,,,,,,
3.767136812210083,0.40443718639882653,,,,,,,,,,,,
3.7992606163024902,0.39566656084770835,,,,,,,,,,,,
3.8352904319763184,0.39017247334268895,,,,,,,,,,,,
3.865084171295166,0.37683230895862785,,,,,,,,,,,,
3.897000312805176,0.39094284889390785,,,,,,,,,,,,
3.926964044570923,0.4383592497494406,,,,,,,,,,,,
3.973789691925049,0.41142947329732454,,,,,,,,,,,,
4.0059897899627686,0.39501236965954895,,,,,,,,,,,,
4.040895938873291,0.41855578860184195,,,,,,,,,,,,
4.069818019866943,0.40414423517180564,,,,,,,,,,,,
4.103095531463623,0.40355480881963207,,,,,,,,,,,,
4.134641885757446,0.411604680618322,,,,,,,,,,,,
4.170985460281372,0.4112237794301878,,,,,,,,,,,,
4.201311826705933,0.3857050800230005,,,,,,,,,,,,
4.231823205947876,0.41855578860184195,,,,,,,,,,,,
4.262035369873047,0.40987846159627445,,,,,,,,,,,,
4.293949842453003,0.4200217107731643,,,,,,,,,,,,
4.3258655071258545,0.44834192343016155,,,,,,,,,,,,
4.3770201206207275,0.38687483275906387,,,,,,,,,,,,
4.406944990158081,0.4118431980057324,,,,,,,,,,,,
4.4408485889434814,0.4192934271311286,,,,,,,,,,,,
4.469771862030029,0.400844036015939,,,,,,,,,,,,
4.500687837600708,0.3925288145883728,,,,,,,,,,,,
4.533889055252075,0.3955096604142879,,,,,,,,,,,,
4.566795825958252,0.4106872315851161,,,,,,,,,,,,
4.597747325897217,0.3941848106721457,,,,,,,,,,,,
4.630625486373901,0.4024481392887074,,,,,,,,,,,,
4.6615447998046875,0.3832037033966109,,,,,,,,,,,,
4.695104360580444,0.4019114471534721,,,,,,,,,,,,
4.728116750717163,0.41051202426411865,,,,,,,,,,,,
4.774972438812256,0.40385279892032544,,,,,,,,,,,,
4.808321237564087,0.3783333139990105,,,,,,,,,,,,
4.845782518386841,0.4104447137129361,,,,,,,,,,,,
4.87375545501709,0.40997187931390267,,,,,,,,,,,,
4.901681661605835,0.40385734554807545,,,,,,,,,,,,
4.933594703674316,0.40426668096999585,,,,,,,,,,,,
4.967505216598511,0.41137989156682075,,,,,,,,,,,,
5.000417947769165,0.41521697344240877,,,,,,,,,,,,
5.031420469284058,0.4135024832470009,,,,,,,,,,,,
5.0638086795806885,0.4359825887406611,,,,,,,,,,,,
5.0947792530059814,0.4306296680935336,,,,,,,,,,,,
5.127805471420288,0.4175072743339837,,,,,,,,,,,,
5.175513982772827,0.44298927630211465,,,,,,,,,,,,
5.205692768096924,0.40843651087418886,,,,,,,,,,,,
5.237316846847534,0.41145647750432274,,,,,,,,,,,,
5.273518085479736,0.4362059610837564,,,,,,,,,,,,
5.304062604904175,0.4291151091803032,,,,,,,,,,,,
5.3373448848724365,0.4169406341880756,,,,,,,,,,,,
5.36834192276001,0.4288811947702605,,,,,,,,,,,,
5.402252197265625,0.42827550358158417,,,,,,,,,,,,
5.440151214599609,0.41124307001261307,,,,,,,,,,,,
5.484251499176025,0.41633195513719257,,,,,,,,,,,,
5.513174533843994,0.41024363210376696,,,,,,,,,,,,
5.544235944747925,0.4288811947702605,,,,,,,,,,,,
5.5760064125061035,0.4272721095489763,,,,,,,,,,,,
5.604928731918335,0.42639211289396417,,,,,,,,,,,,
5.639836311340332,0.43620224065221186,,,,,,,,,,,,
5.672140836715698,0.43490291791529045,,,,,,,,,,,,
5.702993392944336,0.41897922116413777,,,,,,,,,,,,
5.7359044551849365,0.40907514856063654,,,,,,,,,,,,
5.766477108001709,0.34692126713202465,,,,,,,,,,,,
5.799389600753784,0.24037848171751386,,,,,,,,,,,,
5.840280532836914,0.22763313810154448,,,,,,,,,,,,
5.869291067123413,0.23227832662907377,,,,,,,,,,,,
5.899212121963501,0.2653859783093542,,,,,,,,,,,,
5.929131269454956,0.30596489794871695,,,,,,,,,,,,
5.973116159439087,0.3610371657091951,,,,,,,,,,,,
6.006028652191162,0.33579225154947784,,,,,,,,,,,,
6.035948753356934,0.347025668518355,,,,,,,,,,,,
6.0708537101745605,0.33956980837309003,,,,,,,,,,,,
6.101771116256714,0.33579225154947784,,,,,,,,,,,,
6.136678457260132,0.3766129580154387,,,,,,,,,,,,
6.167611122131348,0.3685598693393295,,,,,,,,,,,,
6.1995275020599365,0.40997187931390267,,,,,,,,,,,,
6.233435392379761,0.40340406473166884,,,,,,,,,,,,
6.263355731964111,0.41917077668099756,,,,,,,,,,,,
6.29528546333313,0.38755852662214746,,,,,,,,,,,,
6.329194784164429,0.38740916660180513,,,,,,,,,,,,
6.373595714569092,0.41170182852610715,,,,,,,,,,,,
6.408557653427124,0.40350510575340004,,,,,,,,,,,,
6.438700437545776,0.3958024146765759,,,,,,,,,,,,
6.470505475997925,0.39413247850799793,,,,,,,,,,,,
6.501422166824341,0.3750403565004361,,,,,,,,,,,,
6.533393621444702,0.38562683008507614,,,,,,,,,,,,
6.568760871887207,0.3936203700632776,,,,,,,,,,,,
6.599677801132202,0.38763992106991446,,,,,,,,,,,,
6.631772994995117,0.4107933647076585,,,,,,,,,,,,
6.666499614715576,0.4288421106233804,,,,,,,,,,,,
6.696698904037476,0.3841324785079979,,,,,,,,,,,,
6.728614091873169,0.4104919036264306,,,,,,,,,,,,
6.776805400848389,0.3936959667818117,,,,,,,,,,,,
6.810396671295166,0.40221654277924435,,,,,,,,,,,,
6.853280782699585,0.4110875999128453,,,,,,,,,,,,
6.899857759475708,0.3850576160997412,,,,,,,,,,,,
6.939752578735352,0.4032981618980518,,,,,,,,,,,,
